Time [sec]		Acceleration [m/sec2]	Velocity [m/sec] 	Displacement [m] 
0.00000   		0.00092         	0.00000          	0.00000          
0.04193   		-0.00008        	0.00002          	0.00000          
0.08386   		-0.00049        	0.00001          	0.00000          
0.12579   		-0.00039        	-0.00001         	0.00000          
0.16772   		-0.00069        	-0.00004         	-0.00000         
0.20965   		-0.00044        	-0.00006         	-0.00000         
0.25158   		-0.00040        	-0.00008         	-0.00000         
0.29351   		-0.00028        	-0.00009         	-0.00001         
0.33544   		-0.00006        	-0.00010         	-0.00001         
0.37737   		-0.00003        	-0.00010         	-0.00002         
0.41930   		0.00018         	-0.00010         	-0.00002         
0.46123   		0.00022         	-0.00009         	-0.00002         
0.50316   		0.00052         	-0.00007         	-0.00003         
0.54509   		0.00037         	-0.00005         	-0.00003         
0.58702   		-0.01357        	-0.00033         	-0.00004         
0.62895   		-0.10981        	-0.00292         	-0.00009         
0.67088   		-0.40916        	-0.01380         	-0.00040         
0.71281   		-0.80000        	-0.03915         	-0.00145         
0.75474   		-0.64049        	-0.06935         	-0.00375         
0.79667   		0.54814         	-0.07128         	-0.00687         
0.83860   		2.02621         	-0.01731         	-0.00894         
0.88053   		2.53157         	0.07824          	-0.00774         
0.92246   		1.55009         	0.16381          	-0.00252         
0.96439   		-0.71888        	0.18124          	0.00504          
1.00632   		-2.71567        	0.10923          	0.01143          
1.04825   		-1.84023        	0.01372          	0.01388          
1.09018   		1.05506         	-0.00274         	0.01368          
1.13211   		1.26175         	0.04583          	0.01455          
1.17404   		-2.05717        	0.02915          	0.01661          
1.21597   		-4.19197        	-0.10186         	0.01540          
1.25790   		-2.46778        	-0.24148         	0.00795          
1.29983   		0.91226         	-0.27409         	-0.00335         
1.34176   		2.85082         	-0.19520         	-0.01348         
1.38369   		2.62838         	-0.08033         	-0.01922         
1.42562   		1.69166         	0.01024          	-0.02055         
1.46755   		1.17376         	0.07032          	-0.01879         
1.50948   		0.67729         	0.10912          	-0.01495         
1.55141   		-0.28956        	0.11725          	-0.01006         
1.59334   		-1.04674        	0.08924          	-0.00562         
1.63527   		-0.75904        	0.05138          	-0.00272         
1.67720   		0.20149         	0.03969          	-0.00095         
1.71913   		0.69922         	0.05857          	0.00104          
1.76106   		0.19782         	0.07738          	0.00396          
1.80299   		-0.72563        	0.06631          	0.00711          
1.84492   		-1.22273        	0.02547          	0.00911          
1.88685   		-0.98401        	-0.02080         	0.00917          
1.92878   		-0.29065        	-0.04752         	0.00763          
1.97071   		0.24648         	-0.04845         	0.00554          
2.01264   		0.36127         	-0.03571         	0.00376          
2.05457   		0.26205         	-0.02264         	0.00255          
2.09650   		0.04583         	-0.01618         	0.00177          
2.13843   		-0.11364        	-0.01760         	0.00109          
2.18036   		0.05874         	-0.01876         	0.00030          
2.22229   		0.27709         	-0.01171         	-0.00037         
2.26422   		0.15169         	-0.00273         	-0.00066         
2.30615   		-0.11390        	-0.00193         	-0.00071         
2.34808   		-0.15585        	-0.00759         	-0.00091         
2.39001   		0.02367         	-0.01036         	-0.00131         
2.43194   		0.13110         	-0.00712         	-0.00169         
2.47387   		0.06737         	-0.00295         	-0.00189         
2.51580   		0.01195         	-0.00129         	-0.00198         
2.55773   		0.03046         	-0.00040         	-0.00201         
2.59966   		0.05191         	0.00132          	-0.00200         
2.64159   		0.05909         	0.00365          	-0.00189         
2.68352   		0.08195         	0.00661          	-0.00168         
2.72545   		0.09161         	0.01025          	-0.00133         
2.76738   		0.05066         	0.01323          	-0.00083         
2.80931   		-0.00017        	0.01429          	-0.00025         
2.85124   		-0.04877        	0.01326          	0.00034          
2.89317   		-0.10409        	0.01006          	0.00083          
2.93510   		-0.14177        	0.00490          	0.00115          
2.97703   		-0.14444        	-0.00110         	0.00123          
3.01896   		-0.10320        	-0.00629         	0.00107          
3.06089   		-0.04584        	-0.00941         	0.00073          
3.10282   		0.01146         	-0.01013         	0.00032          
3.14475   		0.07620         	-0.00830         	-0.00008         
3.18668   		0.10294         	-0.00454         	-0.00035         
3.22861   		0.07590         	-0.00079         	-0.00046         
3.27054   		0.04297         	0.00170          	-0.00044         
3.31247   		0.01166         	0.00285          	-0.00034         
3.35440   		-0.02790        	0.00251          	-0.00022         
3.39633   		-0.03981        	0.00109          	-0.00014         
3.43826   		-0.01703        	-0.00011         	-0.00012         
3.48019   		-0.00277        	-0.00052         	-0.00014         
3.52212   		-0.00127        	-0.00061         	-0.00016         
3.56405   		0.00339         	-0.00056         	-0.00019         
3.60598   		0.00269         	-0.00043         	-0.00021         
3.64791   		0.00223         	-0.00033         	-0.00023         
3.68984   		0.01222         	-0.00003         	-0.00023         
3.73177   		0.01725         	0.00059          	-0.00022         
3.77370   		0.00456         	0.00105          	-0.00019         
3.81563   		-0.01262        	0.00088          	-0.00014         
3.85756   		-0.01739        	0.00025          	-0.00012         
3.89949   		-0.01104        	-0.00035         	-0.00012         
3.94142   		-0.00270        	-0.00063         	-0.00014         
3.98335   		0.00325         	-0.00062         	-0.00017         
4.02528   		0.00724         	-0.00040         	-0.00019         
4.06721   		0.00600         	-0.00013         	-0.00020         
4.10914   		-0.00198        	-0.00004         	-0.00021         
4.15107   		-0.00507        	-0.00019         	-0.00021         
4.19300   		0.00352         	-0.00022         	-0.00022         
4.23493   		0.01585         	0.00018          	-0.00022         
4.27686   		0.01452         	0.00082          	-0.00020         
4.31879   		-0.00105        	0.00110          	-0.00016         
4.36072   		-0.00892        	0.00089          	-0.00012         
4.40265   		-0.01103        	0.00048          	-0.00009         
4.44458   		-0.01584        	-0.00009         	-0.00008         
4.48651   		-0.01209        	-0.00067         	-0.00010         
4.52844   		-0.00132        	-0.00095         	-0.00013         
4.57037   		0.00364         	-0.00091         	-0.00017         
4.61230   		0.00172         	-0.00079         	-0.00021         
4.65423   		0.00219         	-0.00071         	-0.00024         
4.69616   		0.00698         	-0.00052         	-0.00026         
4.73809   		0.00890         	-0.00019         	-0.00028         
4.78002   		0.00615         	0.00013          	-0.00028         
4.82195   		0.00289         	0.00032          	-0.00027         
4.86388   		0.00031         	0.00039          	-0.00025         
4.90581   		-0.00229        	0.00034          	-0.00024         
4.94774   		-0.00214        	0.00025          	-0.00023         
4.98967   		0.00036         	0.00021          	-0.00022         
5.03160   		0.00074         	0.00024          	-0.00021         
5.07353   		-0.00159        	0.00022          	-0.00020         
5.11546   		-0.00358        	0.00011          	-0.00019         
5.15739   		-0.00306        	-0.00003         	-0.00019         
5.19932   		-0.00143        	-0.00012         	-0.00019         
5.24125   		-0.00108        	-0.00017         	-0.00020         
5.28318   		-0.00100        	-0.00022         	-0.00021         
5.32511   		-0.00032        	-0.00025         	-0.00022         
5.36704   		-0.00016        	-0.00026         	-0.00023         
5.40897   		0.00051         	-0.00025         	-0.00024         
5.45090   		0.00176         	-0.00020         	-0.00025         
5.49283   		0.00199         	-0.00012         	-0.00025         
5.53476   		0.00153         	-0.00005         	-0.00026         
5.57669   		0.00119         	0.00001          	-0.00026         
5.61862   		0.00076         	0.00005          	-0.00026         
5.66055   		-0.00048        	0.00005          	-0.00025         
5.70248   		-0.00075        	0.00003          	-0.00025         
5.74441   		0.00051         	0.00002          	-0.00025         
5.78634   		0.00077         	0.00005          	-0.00025         
5.82827   		-0.00033        	0.00006          	-0.00025         
5.87020   		-0.00127        	0.00003          	-0.00025         
5.91213   		-0.00105        	-0.00002         	-0.00025         
5.95406   		-0.00062        	-0.00006         	-0.00025         
5.99599   		-0.00076        	-0.00009         	-0.00025         
6.03792   		-0.00030        	-0.00011         	-0.00025         
6.07985   		0.00074         	-0.00010         	-0.00026         
6.12178   		0.00080         	-0.00007         	-0.00026         
6.16371   		-0.00009        	-0.00005         	-0.00027         
6.20564   		-0.00013        	-0.00006         	-0.00027         
6.24757   		0.00053         	-0.00005         	-0.00027         
6.28950   		0.00051         	-0.00003         	-0.00027         
6.33143   		0.00015         	-0.00001         	-0.00027         
6.37336   		0.00000         	-0.00001         	-0.00027         
6.41529   		-0.00027        	-0.00001         	-0.00027         
6.45722   		-0.00066        	-0.00003         	-0.00027         
6.49915   		-0.00075        	-0.00006         	-0.00028         
6.54108   		-0.00020        	-0.00008         	-0.00028         
6.58301   		0.00046         	-0.00008         	-0.00028         
6.62494   		0.00033         	-0.00006         	-0.00029         
6.66687   		-0.00008        	-0.00006         	-0.00029         
6.70880   		-0.00006        	-0.00006         	-0.00029         
6.75073   		0.00015         	-0.00006         	-0.00029         
6.79266   		0.00025         	-0.00005         	-0.00030         
6.83459   		0.00019         	-0.00004         	-0.00030         
6.87652   		0.00006         	-0.00003         	-0.00030         
6.91845   		-0.00011        	-0.00004         	-0.00030         
6.96038   		-0.00011        	-0.00004         	-0.00030         
7.00231   		0.00007         	-0.00004         	-0.00030         
7.04424   		0.00015         	-0.00004         	-0.00031         
7.08617   		0.00011         	-0.00003         	-0.00031         
7.12810   		0.00006         	-0.00003         	-0.00031         
7.17003   		-0.00001        	-0.00003         	-0.00031         
7.21196   		-0.00005        	-0.00003         	-0.00031         
7.25389   		-0.00009        	-0.00003         	-0.00031         
7.29582   		-0.00014        	-0.00004         	-0.00031         
7.33775   		-0.00013        	-0.00004         	-0.00031         
7.37968   		-0.00011        	-0.00005         	-0.00032         
7.42161   		-0.00004        	-0.00005         	-0.00032         
7.46354   		0.00001         	-0.00005         	-0.00032         
7.50547   		-0.00006        	-0.00005         	-0.00032         
7.54740   		-0.00008        	-0.00005         	-0.00032         
7.58933   		0.00001         	-0.00006         	-0.00033         
7.63126   		0.00012         	-0.00005         	-0.00033         
7.67319   		0.00015         	-0.00005         	-0.00033         
7.71512   		0.00012         	-0.00004         	-0.00033         
7.75705   		0.00006         	-0.00004         	-0.00033         
7.79898   		0.00003         	-0.00004         	-0.00034         
7.84091   		0.00002         	-0.00003         	-0.00034         
7.88284   		-0.00002        	-0.00003         	-0.00034         
7.92477   		-0.00003        	-0.00004         	-0.00034         
7.96670   		-0.00004        	-0.00004         	-0.00034         
8.00863   		-0.00011        	-0.00004         	-0.00034         
8.05056   		-0.00012        	-0.00004         	-0.00035         
8.09249   		-0.00004        	-0.00005         	-0.00035         
8.13442   		0.00004         	-0.00005         	-0.00035         
8.17635   		0.00004         	-0.00005         	-0.00035         
8.21828   		0.00001         	-0.00005         	-0.00035         
8.26021   		0.00001         	-0.00004         	-0.00036         
8.30214   		0.00001         	-0.00004         	-0.00036         
8.34407   		0.00002         	-0.00004         	-0.00036         
8.38600   		0.00003         	-0.00004         	-0.00036         
8.42793   		0.00003         	-0.00004         	-0.00036         
8.46986   		0.00002         	-0.00004         	-0.00036         
8.51179   		-0.00003        	-0.00004         	-0.00037         
8.55372   		-0.00004        	-0.00004         	-0.00037         
8.59565   		-0.00001        	-0.00004         	-0.00037         
8.63758   		0.00001         	-0.00004         	-0.00037         
8.67951   		0.00001         	-0.00004         	-0.00037         
8.72144   		-0.00001        	-0.00004         	-0.00037         
8.76337   		-0.00002        	-0.00004         	-0.00038         
8.80530   		-0.00002        	-0.00004         	-0.00038         
8.84723   		-0.00000        	-0.00004         	-0.00038         
8.88916   		-0.00000        	-0.00004         	-0.00038         
8.93109   		-0.00161        	-0.00008         	-0.00038         
