Time [sec]		Acceleration [m/sec2]	Velocity [m/sec] 	Displacement [m] 
0.00000   		-0.00001        	0.00000          	0.00000          
0.04193   		0.00000         	-0.00000         	-0.00000         
0.08386   		0.00001         	-0.00000         	-0.00000         
0.12579   		0.00000         	0.00000          	-0.00000         
0.16772   		0.00001         	0.00000          	0.00000          
0.20965   		0.00001         	0.00000          	0.00000          
0.25158   		0.00000         	0.00000          	0.00000          
0.29351   		0.00000         	0.00000          	0.00000          
0.33544   		0.00000         	0.00000          	0.00000          
0.37737   		0.00000         	0.00000          	0.00000          
0.41930   		-0.00000        	0.00000          	0.00000          
0.46123   		-0.00003        	0.00000          	0.00000          
0.50316   		-0.00020        	-0.00000         	0.00000          
0.54509   		-0.00015        	-0.00001         	-0.00000         
0.58702   		0.00894         	0.00017          	0.00000          
0.62895   		0.06625         	0.00175          	0.00003          
0.67088   		0.21220         	0.00759          	0.00021          
0.71281   		0.30371         	0.01840          	0.00074          
0.75474   		-0.00515        	0.02466          	0.00169          
0.79667   		-0.68376        	0.01022          	0.00252          
0.83860   		-1.08549        	-0.02687         	0.00223          
0.88053   		-0.78849        	-0.06616         	0.00023          
0.92246   		0.01296         	-0.08242         	-0.00300         
0.96439   		0.86764         	-0.06396         	-0.00619         
1.00632   		1.29912         	-0.01853         	-0.00799         
1.04825   		1.39752         	0.03800          	-0.00759         
1.09018   		1.39617         	0.09657          	-0.00477         
1.13211   		0.54634         	0.13730          	0.00026          
1.17404   		-1.30454        	0.12140          	0.00595          
1.21597   		-2.42796        	0.04315          	0.00957          
1.25790   		-1.70804        	-0.04356         	0.00945          
1.29983   		-0.12381        	-0.08197         	0.00659          
1.34176   		0.95146         	-0.06462         	0.00336          
1.38369   		0.98540         	-0.02401         	0.00150          
1.42562   		0.26137         	0.00213          	0.00114          
1.46755   		-0.42664        	-0.00134         	0.00126          
1.50948   		-0.59536        	-0.02276         	0.00078          
1.55141   		-0.48489        	-0.04541         	-0.00067         
1.59334   		-0.26921        	-0.06122         	-0.00293         
1.63527   		0.25552         	-0.06151         	-0.00558         
1.67720   		0.97159         	-0.03578         	-0.00773         
1.71913   		1.38119         	0.01355          	-0.00825         
1.76106   		1.09524         	0.06546          	-0.00655         
1.80299   		0.14211         	0.09141          	-0.00313         
1.84492   		-0.83808        	0.07681          	0.00054          
1.88685   		-1.14941        	0.03515          	0.00294          
1.92878   		-0.79498        	-0.00562         	0.00350          
1.97071   		-0.20975        	-0.02668         	0.00274          
2.01264   		0.24463         	-0.02595         	0.00157          
2.05457   		0.40453         	-0.01234         	0.00074          
2.09650   		0.32256         	0.00290          	0.00056          
2.13843   		0.10824         	0.01193          	0.00090          
2.18036   		-0.07812        	0.01257          	0.00144          
2.22229   		-0.09239        	0.00899          	0.00190          
2.26422   		-0.09837        	0.00499          	0.00219          
2.30615   		-0.20833        	-0.00144         	0.00228          
2.34808   		-0.24110        	-0.01086         	0.00203          
2.39001   		-0.16619        	-0.01940         	0.00138          
2.43194   		-0.00394        	-0.02297         	0.00047          
2.47387   		0.22132         	-0.01841         	-0.00043         
2.51580   		0.23591         	-0.00882         	-0.00100         
2.55773   		0.03184         	-0.00321         	-0.00122         
2.59966   		-0.05173        	-0.00363         	-0.00136         
2.64159   		0.03912         	-0.00389         	-0.00153         
2.68352   		0.12292         	-0.00049         	-0.00163         
2.72545   		0.11204         	0.00443          	-0.00155         
2.76738   		0.03378         	0.00749          	-0.00129         
2.80931   		-0.02750        	0.00762          	-0.00096         
2.85124   		-0.02756        	0.00647          	-0.00066         
2.89317   		0.00259         	0.00594          	-0.00041         
2.93510   		0.01581         	0.00633          	-0.00015         
2.97703   		-0.00524        	0.00655          	0.00012          
3.01896   		-0.04192        	0.00556          	0.00038          
3.06089   		-0.05927        	0.00344          	0.00057          
3.10282   		-0.04620        	0.00123          	0.00067          
3.14475   		-0.02658        	-0.00030         	0.00068          
3.18668   		-0.01343        	-0.00113         	0.00065          
3.22861   		-0.00637        	-0.00155         	0.00059          
3.27054   		-0.00908        	-0.00187         	0.00052          
3.31247   		-0.01099        	-0.00229         	0.00044          
3.35440   		-0.00192        	-0.00257         	0.00033          
3.39633   		0.01013         	-0.00239         	0.00023          
3.43826   		0.00895         	-0.00199         	0.00013          
3.48019   		-0.00071        	-0.00182         	0.00006          
3.52212   		0.00590         	-0.00171         	-0.00002         
3.56405   		0.01754         	-0.00122         	-0.00008         
3.60598   		0.00657         	-0.00071         	-0.00012         
3.64791   		-0.00945        	-0.00077         	-0.00015         
3.68984   		-0.00287        	-0.00103         	-0.00019         
3.73177   		0.01266         	-0.00083         	-0.00023         
3.77370   		0.01301         	-0.00029         	-0.00025         
3.81563   		0.00531         	0.00009          	-0.00026         
3.85756   		0.00739         	0.00036          	-0.00025         
3.89949   		0.01451         	0.00082          	-0.00022         
3.94142   		0.01141         	0.00136          	-0.00018         
3.98335   		0.00176         	0.00164          	-0.00011         
4.02528   		-0.00319        	0.00161          	-0.00004         
4.06721   		-0.00700        	0.00140          	0.00002          
4.10914   		-0.01224        	0.00099          	0.00007          
4.15107   		-0.01203        	0.00048          	0.00010          
4.19300   		-0.00659        	0.00009          	0.00011          
4.23493   		-0.00370        	-0.00012         	0.00011          
4.27686   		-0.00385        	-0.00028         	0.00010          
4.31879   		-0.00228        	-0.00041         	0.00009          
4.36072   		0.00011         	-0.00046         	0.00007          
4.40265   		0.00321         	-0.00039         	0.00005          
4.44458   		0.00653         	-0.00018         	0.00004          
4.48651   		0.00362         	0.00003          	0.00004          
4.52844   		-0.00347        	0.00003          	0.00004          
4.57037   		-0.00496        	-0.00014         	0.00004          
4.61230   		-0.00109        	-0.00027         	0.00003          
4.65423   		0.00129         	-0.00026         	0.00002          
4.69616   		0.00047         	-0.00023         	0.00001          
4.73809   		-0.00069        	-0.00023         	-0.00000         
4.78002   		-0.00021        	-0.00025         	-0.00001         
4.82195   		0.00104         	-0.00023         	-0.00002         
4.86388   		0.00229         	-0.00016         	-0.00003         
4.90581   		0.00329         	-0.00005         	-0.00004         
4.94774   		0.00246         	0.00007          	-0.00004         
4.98967   		0.00041         	0.00013          	-0.00003         
5.03160   		-0.00036        	0.00013          	-0.00003         
5.07353   		-0.00014        	0.00012          	-0.00002         
5.11546   		-0.00035        	0.00011          	-0.00002         
5.15739   		-0.00033        	0.00010          	-0.00001         
5.19932   		0.00042         	0.00010          	-0.00001         
5.24125   		0.00039         	0.00012          	-0.00000         
5.28318   		-0.00053        	0.00012          	0.00000          
5.32511   		-0.00084        	0.00009          	0.00001          
5.36704   		-0.00088        	0.00005          	0.00001          
5.40897   		-0.00063        	0.00002          	0.00001          
5.45090   		0.00016         	0.00001          	0.00001          
5.49283   		0.00037         	0.00002          	0.00001          
5.53476   		0.00017         	0.00003          	0.00001          
5.57669   		0.00001         	0.00004          	0.00002          
5.61862   		-0.00043        	0.00003          	0.00002          
5.66055   		-0.00085        	-0.00000         	0.00002          
5.70248   		-0.00084        	-0.00004         	0.00002          
5.74441   		-0.00045        	-0.00006         	0.00001          
5.78634   		-0.00008        	-0.00007         	0.00001          
5.82827   		0.00013         	-0.00007         	0.00001          
5.87020   		0.00038         	-0.00006         	0.00001          
5.91213   		0.00045         	-0.00005         	0.00000          
5.95406   		0.00015         	-0.00003         	0.00000          
5.99599   		0.00002         	-0.00003         	0.00000          
6.03792   		0.00014         	-0.00003         	-0.00000         
6.07985   		0.00011         	-0.00002         	-0.00000         
6.12178   		0.00015         	-0.00002         	-0.00000         
6.16371   		0.00036         	-0.00000         	-0.00000         
6.20564   		0.00040         	0.00001          	-0.00000         
6.24757   		0.00011         	0.00002          	-0.00000         
6.28950   		-0.00014        	0.00002          	-0.00000         
6.33143   		-0.00019        	0.00001          	-0.00000         
6.37336   		-0.00014        	0.00001          	0.00000          
6.41529   		0.00006         	0.00001          	0.00000          
6.45722   		0.00017         	0.00001          	0.00000          
6.49915   		0.00009         	0.00002          	0.00000          
6.54108   		-0.00004        	0.00002          	0.00000          
6.58301   		-0.00012        	0.00001          	0.00000          
6.62494   		-0.00006        	0.00001          	0.00000          
6.66687   		0.00003         	0.00001          	0.00000          
6.70880   		0.00004         	0.00001          	0.00000          
6.75073   		-0.00001        	0.00001          	0.00000          
6.79266   		-0.00007        	0.00001          	0.00000          
6.83459   		-0.00007        	0.00001          	0.00001          
6.87652   		-0.00005        	0.00000          	0.00001          
6.91845   		-0.00003        	0.00000          	0.00001          
6.96038   		-0.00002        	0.00000          	0.00001          
7.00231   		-0.00002        	0.00000          	0.00001          
7.04424   		-0.00003        	-0.00000         	0.00001          
7.08617   		-0.00005        	-0.00000         	0.00001          
7.12810   		-0.00005        	-0.00000         	0.00001          
7.17003   		-0.00003        	-0.00001         	0.00001          
7.21196   		0.00002         	-0.00001         	0.00001          
7.25389   		0.00003         	-0.00001         	0.00000          
7.29582   		0.00003         	-0.00000         	0.00000          
7.33775   		-0.00002        	-0.00000         	0.00000          
7.37968   		-0.00005        	-0.00001         	0.00000          
7.42161   		-0.00003        	-0.00001         	0.00000          
7.46354   		0.00000         	-0.00001         	0.00000          
7.50547   		0.00003         	-0.00001         	0.00000          
7.54740   		0.00006         	-0.00000         	0.00000          
7.58933   		0.00005         	-0.00000         	0.00000          
7.63126   		0.00002         	-0.00000         	0.00000          
7.67319   		0.00001         	-0.00000         	0.00000          
7.71512   		0.00000         	-0.00000         	0.00000          
7.75705   		0.00000         	-0.00000         	0.00000          
7.79898   		0.00002         	0.00000          	0.00000          
7.84091   		0.00003         	0.00000          	0.00000          
7.88284   		0.00004         	0.00000          	0.00000          
7.92477   		0.00003         	0.00000          	0.00000          
7.96670   		0.00002         	0.00001          	0.00000          
8.00863   		-0.00001        	0.00001          	0.00000          
8.05056   		-0.00002        	0.00000          	0.00000          
8.09249   		-0.00002        	0.00000          	0.00000          
8.13442   		-0.00001        	0.00000          	0.00000          
8.17635   		-0.00001        	0.00000          	0.00000          
8.21828   		-0.00000        	0.00000          	0.00000          
8.26021   		-0.00001        	0.00000          	0.00000          
8.30214   		-0.00001        	0.00000          	0.00000          
8.34407   		-0.00002        	0.00000          	0.00000          
8.38600   		-0.00002        	0.00000          	0.00000          
8.42793   		-0.00001        	0.00000          	0.00000          
8.46986   		-0.00001        	-0.00000         	0.00000          
8.51179   		-0.00000        	-0.00000         	0.00000          
8.55372   		0.00000         	-0.00000         	0.00000          
8.59565   		-0.00001        	-0.00000         	0.00000          
8.63758   		-0.00001        	-0.00000         	0.00000          
8.67951   		-0.00001        	-0.00000         	0.00000          
8.72144   		-0.00001        	-0.00000         	0.00000          
8.76337   		0.00000         	-0.00000         	0.00000          
8.80530   		0.00000         	-0.00000         	0.00000          
8.84723   		0.00000         	-0.00000         	0.00000          
8.88916   		0.00001         	-0.00000         	0.00000          
8.93109   		0.00003         	-0.00000         	0.00000          
